Epoch	AverageEpRet	StdEpRet	MaxEpRet	MinEpRet	AverageTestEpRet	StdTestEpRet	MaxTestEpRet	MinTestEpRet	EpLen	TestEpLen	TotalEnvInteracts	AverageQ1Vals	StdQ1Vals	MaxQ1Vals	MinQ1Vals	AverageQ2Vals	StdQ2Vals	MaxQ2Vals	MinQ2Vals	AverageLogPi	StdLogPi	MaxLogPi	MinLogPi	LossPi	LossQ	Time
1	0.8888889	0.5665577	2.0	0.0	0.0	0.0	0.0	0.0	80.0	80.0	800	-0.17161912	0.03861956	-0.01572749	-0.27185515	-0.16921991	0.03804505	-0.010920651	-0.3071568	0.39273193	1.366714	5.28077	-6.3825574	0.15920894	0.015731089	63.26140832901001
2	1.0	0.94280905	2.0	0.0	1.0	0.0	1.0	1.0	80.0	80.0	1600	0.0077507454	0.07420514	0.2147997	-0.15207696	0.007344541	0.07358478	0.20296638	-0.15464702	3.393496	2.60877	10.161885	-7.561976	-0.05190245	0.02217234	129.0391263961792
3	0.5555556	0.496904	1.0	0.0	0.0	0.0	0.0	0.0	80.0	80.0	2400	0.228678	0.0735105	0.45142594	0.060144223	0.22838934	0.07325292	0.441182	0.06802106	4.9492173	3.105811	11.759523	-6.701882	-0.27688575	0.020987155	196.53431510925293
4	1.3333334	0.8164966	2.0	0.0	0.0	0.0	0.0	0.0	80.0	80.0	3200	0.44844073	0.07484007	0.6934904	0.27343205	0.4481084	0.07456624	0.6855996	0.27759382	5.7559037	3.4262748	13.402109	-7.7634883	-0.500285	0.02079003	269.50496459007263
5	0.7777778	0.6285393	2.0	0.0	0.0	0.0	0.0	0.0	80.0	80.0	4000	0.6887095	0.08330137	0.9477819	0.49375302	0.68847257	0.08302561	0.94592214	0.49607506	6.905201	3.8882287	15.827896	-6.86797	-0.74861795	0.020865217	340.64518904685974
6	0.7777778	0.7856742	2.0	0.0	6.0	0.0	6.0	6.0	80.0	80.0	4800	0.9417194	0.08282671	1.1927378	0.73884684	0.941524	0.08250223	1.1890271	0.7362837	7.9010344	4.21729	17.062283	-6.818614	-1.0048742	0.019665895	410.9360468387604
7	0.5555556	0.68493485	2.0	0.0	4.0	0.0	4.0	4.0	80.0	80.0	5600	1.1871942	0.08042114	1.4331299	0.98234814	1.1870078	0.079939686	1.4369954	0.98830503	8.5084	4.383008	17.932123	-6.277589	-1.2504244	0.018487537	486.9529519081116
8	0.8888889	1.1967033	3.0	0.0	7.0	0.0	7.0	7.0	80.0	80.0	6400	1.4256608	0.08353056	1.7041458	1.2212545	1.4254925	0.08290685	1.6952369	1.2267936	8.961376	4.5407643	18.47721	-5.5193624	-1.4914923	0.018558608	560.7487146854401
9	1.0	1.2472191	3.0	0.0	10.0	0.0	10.0	10.0	80.0	80.0	7200	1.6793761	0.09640873	1.9799513	1.412731	1.6792482	0.09599703	1.992874	1.4216088	9.232661	4.613828	18.895094	-6.5255127	-1.7531563	0.019455515	631.3492274284363
10	0.8888889	0.99380803	3.0	0.0	9.0	0.0	9.0	9.0	80.0	80.0	8000	1.953159	0.10504902	2.2792287	1.6555545	1.9530362	0.104635455	2.278771	1.6630372	9.566209	4.680455	19.281929	-3.195271	-2.033633	0.020362854	711.8137440681458
11	7.5555553	2.6712923	11.0	4.0	7.0	0.0	7.0	7.0	80.0	80.0	8800	2.2486048	0.11897679	2.6174123	1.9155931	2.248433	0.11798167	2.625584	1.9202502	9.910638	4.6228433	19.38467	-24.675356	-2.3303614	0.027601285	782.6073520183563
12	0.5555556	0.6849349	2.0	0.0	0.0	0.0	0.0	0.0	80.0	80.0	9600	2.5383081	0.10723773	2.8042183	2.155621	2.5382257	0.10658317	2.8116102	2.1581867	9.724952	4.0675635	18.693087	-2.070072	-2.6051607	0.032115184	852.1898493766785
13	0.5555556	0.496904	1.0	0.0	0.0	0.0	0.0	0.0	80.0	80.0	10400	2.7198644	0.065873146	2.934752	2.5221107	2.7198093	0.06515788	2.942473	2.518764	9.0834465	3.4813328	17.07769	-5.137585	-2.7586768	0.032209367	921.3208901882172
14	0.7777778	0.4157397	1.0	0.0	1.0	0.0	1.0	1.0	80.0	80.0	11200	2.8054364	0.0479246	2.9453583	2.6658497	2.8054733	0.04731493	2.9534674	2.679507	8.106182	2.9214606	15.395562	-2.4324746	-2.8305879	0.02991135	995.5285007953644
15	0.44444445	0.49690402	1.0	0.0	1.0	0.0	1.0	1.0	80.0	80.0	12000	2.8418026	0.041394267	2.9879205	2.73511	2.8417988	0.040709402	3.009599	2.7437568	7.171067	2.4097116	13.137005	-5.545566	-2.860129	0.029375615	1078.9897050857544
16	0.8888889	0.8748898	2.0	0.0	0.0	0.0	0.0	0.0	80.0	80.0	12800	2.8630204	0.040582027	3.0017765	2.75232	2.8630455	0.03933713	3.0131748	2.75871	6.315039	2.0136366	11.904175	-4.342163	-2.8812814	0.027880339	1152.0765087604523
17	0.6666667	0.47140452	1.0	0.0	1.0	0.0	1.0	1.0	80.0	80.0	13600	2.8867369	0.03850526	3.0278704	2.7736046	2.8867495	0.03616659	3.0580015	2.7731304	6.2547026	1.8156232	10.742868	-3.5717504	-2.907113	0.026827622	1222.0654256343842
18	0.6666667	0.6666667	2.0	0.0	0.0	0.0	0.0	0.0	80.0	80.0	14400	2.9068122	0.036441576	3.0613058	2.786152	2.9067693	0.03520687	3.0840611	2.7844188	6.0620685	1.6746416	10.248536	-4.6145253	-2.9226427	0.028595654	1291.6308987140656
19	0.0	0.0	0.0	0.0	0.0	0.0	0.0	0.0	80.0	80.0	15200	2.9062846	0.036301464	3.046853	2.7708836	2.906326	0.03599122	3.0682251	2.762906	5.9134693	1.6455026	10.183001	-5.884658	-2.9195209	0.026786413	1361.5814290046692
20	0.22222222	0.41573972	1.0	0.0	1.0	0.0	1.0	1.0	80.0	80.0	16000	2.8973386	0.041081026	3.048179	2.7532804	2.8972156	0.0413432	3.0548985	2.7346292	5.852203	1.6408917	10.088388	-7.825062	-2.9080615	0.025330681	1432.6119811534882
21	2.0	2.7888668	8.0	0.0	0.0	0.0	0.0	0.0	80.0	80.0	16800	2.8666625	0.034729995	3.0323768	2.7412176	2.8666852	0.034616206	3.0404897	2.735444	5.5399666	1.5414433	9.785756	-5.977922	-2.8703113	0.023721876	1502.5770902633667
22	0.7777778	0.7856742	2.0	0.0	1.0	0.0	1.0	1.0	80.0	80.0	17600	2.836604	0.03153929	3.0025268	2.7437289	2.8366165	0.031367436	2.9885044	2.746825	5.4423695	1.5380712	9.080583	-6.558598	-2.8472102	0.02574155	1572.5565650463104
23	0.22222222	0.4157397	1.0	0.0	0.0	0.0	0.0	0.0	80.0	80.0	18400	2.8452253	0.03838126	3.009926	2.7413945	2.8452132	0.03787794	3.00525	2.7449822	5.6160045	1.5943263	9.819874	-4.528611	-2.8653028	0.024985824	1644.2302677631378
24	0.33333334	0.47140452	1.0	0.0	0.0	0.0	0.0	0.0	80.0	80.0	19200	2.8826857	0.035894834	3.050712	2.7909966	2.8826675	0.035574574	3.0509267	2.7914326	6.16586	1.670795	10.47206	-3.6785243	-2.9057152	0.023659598	1719.6823196411133
25	1.0	0.94280905	3.0	0.0	0.0	0.0	0.0	0.0	80.0	80.0	20000	2.9020586	0.028706348	3.0600655	2.812343	2.9020698	0.028741792	3.0550725	2.8161337	6.347622	1.6653452	10.607368	-5.5463524	-2.9213	0.021773238	1808.0249736309052
26	1.7777778	1.1331154	4.0	0.0	2.0	0.0	2.0	2.0	80.0	80.0	20800	2.9162712	0.023033867	3.0640893	2.8302982	2.9162765	0.023340331	3.0815663	2.830122	6.0166526	1.5547688	10.268087	-2.998693	-2.9354827	0.023336692	1897.8481152057648
27	1.7777778	1.1331154	4.0	0.0	3.0	0.0	3.0	3.0	80.0	80.0	21600	2.9353204	0.024115363	3.124019	2.8374245	2.9353411	0.024584796	3.1306622	2.8282332	6.255808	1.6016449	10.894611	-4.051663	-2.957849	0.023618229	1967.7183578014374
28	3.8888888	1.5234789	7.0	2.0	2.0	0.0	2.0	2.0	80.0	80.0	22400	2.9748197	0.031617396	3.1630049	2.8679028	2.9747806	0.031569973	3.1681697	2.8519204	6.566608	1.6819676	11.30868	-3.6533597	-3.00164	0.026671216	2037.687724351883
29	1.8888888	0.5665577	3.0	1.0	3.0	0.0	3.0	3.0	80.0	80.0	23200	3.0856755	0.055710226	3.3510883	2.9216347	3.0855558	0.055184625	3.3244183	2.9032466	6.5467052	1.8134562	11.584148	-4.1433077	-3.1373894	0.02780832	2107.644450902939
30	7.888889	9.254961	32.0	1.0	39.0	0.0	39.0	39.0	80.0	80.0	24000	3.252445	0.063693285	3.5351806	3.085734	3.2523477	0.06310694	3.5157018	3.0664628	6.756366	1.8853371	12.026424	-2.4443078	-3.3126817	0.029383155	2178.1767258644104
31	25.11111	10.857097	37.0	4.0	32.0	0.0	32.0	32.0	80.0	80.0	24800	3.462016	0.09023276	3.86377	3.2699437	3.461895	0.08948253	3.8397307	3.2529166	6.973808	1.9529543	12.42272	-4.1721826	-3.5353198	0.03946383	2248.243904352188
32	23.555555	10.382796	39.0	7.0	5.0	0.0	5.0	5.0	80.0	80.0	25600	3.7736835	0.12695608	4.3083572	3.484882	3.7735882	0.12580702	4.265959	3.4663358	7.1116943	1.9932197	12.820365	-2.3810635	-3.8719528	0.0476212	2318.2215411663055
33	24.333334	10.821789	36.0	2.0	34.0	0.0	34.0	34.0	80.0	80.0	26400	4.1950173	0.1639311	4.831645	3.848643	4.194844	0.16320089	4.7919874	3.816724	7.260719	2.032022	13.070427	-4.1459384	-4.316109	0.05621327	2388.675104379654
34	30.11111	13.084719	39.0	6.0	7.0	0.0	7.0	7.0	80.0	80.0	27200	4.7157516	0.19548425	5.4868546	4.298654	4.7155294	0.19478333	5.4354396	4.2591853	7.384719	2.0617154	13.327503	-2.8918111	-4.857074	0.063239545	2458.732159137726
35	16.555555	14.750602	37.0	0.0	38.0	0.0	38.0	38.0	80.0	80.0	28000	5.3186245	0.21695817	6.1121645	4.818385	5.318555	0.21663131	6.0561423	4.787586	7.5178084	2.098418	13.703979	-3.4424343	-5.4758897	0.06925089	2530.2606694698334
36	8.666667	6.944222	21.0	2.0	19.0	0.0	19.0	19.0	80.0	80.0	28800	5.946744	0.21443738	6.7745495	5.4347363	5.946593	0.21433197	6.7014246	5.408413	7.532129	2.0849645	13.706763	-2.6331043	-6.1057644	0.071667485	2600.1340897083282
37	11.333333	10.68748	34.0	2.0	23.0	0.0	23.0	23.0	80.0	80.0	29600	6.5492425	0.20627412	7.380073	6.0600715	6.5491157	0.20609915	7.3055425	5.985251	7.47005	2.0634017	13.622011	-4.0317388	-6.703336	0.076678894	2670.326637983322
38	12.555555	9.753758	34.0	3.0	25.0	0.0	25.0	25.0	80.0	80.0	30400	7.1389985	0.21500927	8.011976	6.640984	7.1388087	0.21414249	7.967263	6.5936866	7.4190617	2.088199	13.719214	-2.4804585	-7.2960644	0.082157314	2740.214901447296
39	10.222222	9.941806	35.0	1.0	5.0	0.0	5.0	5.0	80.0	80.0	31200	7.79545	0.2199201	8.554848	7.26821	7.79536	0.22093984	8.542652	7.2244825	7.696382	2.2682056	14.563021	-2.4702039	-7.9681306	0.08609747	2810.3167655467987
40	16.222221	7.828407	28.0	2.0	22.0	0.0	22.0	22.0	80.0	80.0	32000	8.364882	0.18712506	9.041592	7.916976	8.364761	0.18953072	9.02651	7.890955	7.8678446	2.3203325	14.802777	-4.9950666	-8.511177	0.08831896	2880.185462474823
41	16.0	6.289321	26.0	7.0	25.0	0.0	25.0	25.0	80.0	80.0	32800	8.848126	0.1821172	9.520501	8.388623	8.848145	0.18432073	9.50031	8.375504	7.922974	2.3417473	14.926647	-2.0922208	-8.987623	0.09214627	2950.2026040554047
42	20.777779	10.612129	39.0	6.0	14.0	0.0	14.0	14.0	80.0	80.0	33600	9.338479	0.19451037	10.069846	8.874334	9.338396	0.19602364	10.0246935	8.872541	7.9118586	2.3564634	14.996025	-3.1338665	-9.485522	0.096230656	3020.174455881119
43	17.666666	3.2659862	22.0	12.0	18.0	0.0	18.0	18.0	80.0	80.0	34400	9.859141	0.20573421	10.662075	9.381447	9.859081	0.20656683	10.600842	9.384738	7.956607	2.361022	15.104646	-2.5867324	-10.017681	0.09835093	3084.8952124118805
44	13.555555	5.7370358	22.0	6.0	28.0	0.0	28.0	28.0	80.0	80.0	35200	10.404121	0.20767008	11.211887	9.872512	10.404182	0.20821647	11.122063	9.914553	7.967365	2.3656893	15.22214	-3.8968525	-10.563528	0.10251185	3150.453605890274
45	10.666667	8.969082	28.0	0.0	7.0	0.0	7.0	7.0	80.0	80.0	36000	10.893366	0.18451925	11.661998	10.407065	10.8932495	0.18393604	11.570531	10.45217	7.9597445	2.3617036	15.225473	-5.0996637	-11.033274	0.10458232	3215.866363763809
46	20.444445	2.114033	23.0	17.0	18.0	0.0	18.0	18.0	80.0	80.0	36800	11.360034	0.20322856	12.172853	10.87767	11.360121	0.20169827	12.077672	10.902677	8.008472	2.3716445	15.483951	-2.5392056	-11.515533	0.10524301	3282.014427423477
47	19.222221	3.2241373	26.0	14.0	15.0	0.0	15.0	15.0	80.0	80.0	37600	11.862167	0.20347361	12.692989	11.357421	11.862083	0.20167081	12.600387	11.390767	8.064602	2.3870068	15.629607	-2.0243955	-12.017957	0.10953899	3347.9203033447266
48	17.222221	7.8990545	25.0	2.0	32.0	0.0	32.0	32.0	80.0	80.0	38400	12.324151	0.19095519	13.158883	11.845346	12.324296	0.18849054	13.057616	11.87114	7.934656	2.3486671	15.369362	-1.918114	-12.467446	0.11210713	3413.970197916031
49	13.0	7.6011696	25.0	4.0	14.0	0.0	14.0	14.0	80.0	80.0	39200	12.720355	0.17028107	13.493632	12.26094	12.720493	0.1662152	13.387206	12.321209	7.804308	2.3160653	15.227691	-2.7791243	-12.843522	0.1142482	3482.4348051548004
50	12.0	12.719189	36.0	0.0	4.0	0.0	4.0	4.0	80.0	80.0	40000	13.067914	0.16779394	13.772767	12.648273	13.06801	0.16164738	13.659357	12.679015	7.707575	2.298203	15.04792	-2.299133	-13.174121	0.11636483	3553.023864507675
51	0.11111111	0.31426966	1.0	0.0	0.0	0.0	0.0	0.0	80.0	80.0	40800	13.108562	0.15285371	13.637937	12.703125	13.108687	0.149466	13.592293	12.812417	7.41505	2.2458918	14.892363	-3.8711863	-13.121878	0.10920678	3623.116269350052
52	1.8888888	0.993808	4.0	1.0	0.0	0.0	0.0	0.0	80.0	80.0	41600	13.151823	0.16028388	13.735004	12.76414	13.151836	0.15811454	13.701374	12.845877	7.1230702	2.1950538	14.242819	-2.7833416	-13.2136965	0.10641133	3693.1761045455933
53	4.2222223	2.6988795	9.0	0.0	1.0	0.0	1.0	1.0	80.0	80.0	42400	13.326067	0.18025355	14.0138855	12.908719	13.325976	0.17892636	13.988018	12.97056	7.3482585	2.2887523	15.082819	-3.2942781	-13.429639	0.10640331	3763.1311995983124
54	14.777778	13.306454	34.0	1.0	2.0	0.0	2.0	2.0	80.0	80.0	43200	13.629396	0.1920209	14.331189	13.15756	13.629569	0.19142514	14.293507	13.194429	7.790921	2.4205136	15.831006	-5.125971	-13.759414	0.10529742	3833.1188938617706
55	16.333334	2.7487369	21.0	11.0	15.0	0.0	15.0	15.0	80.0	80.0	44000	13.975317	0.18383919	14.625834	13.513664	13.97526	0.18286295	14.591731	13.526151	7.972839	2.4724855	16.158842	-4.168435	-14.106005	0.10452487	3903.2459399700165
56	18.444445	4.669311	27.0	12.0	16.0	0.0	16.0	16.0	80.0	80.0	44800	14.262805	0.17594092	14.897988	13.836912	14.262909	0.17489482	14.847681	13.848532	8.100409	2.5121524	16.61239	-3.2629993	-14.37938	0.108519286	3973.09974861145
57	16.0	3.7712362	21.0	8.0	20.0	0.0	20.0	20.0	80.0	80.0	45600	14.5359125	0.17275351	15.1083975	14.105053	14.535945	0.17219198	15.078892	14.1016035	8.258213	2.5728943	16.81531	-2.0013793	-14.647661	0.110804215	4043.0984728336334
58	18.222221	3.359159	24.0	14.0	9.0	0.0	9.0	9.0	80.0	80.0	46400	14.770625	0.1746821	15.391947	14.36294	14.770625	0.17361407	15.363488	14.354255	8.241151	2.5785635	16.900335	-1.8430319	-14.87949	0.11251272	4113.109481811523
59	18.222221	5.3702426	28.0	10.0	20.0	0.0	20.0	20.0	80.0	80.0	47200	15.032361	0.1811177	15.723673	14.596595	15.032444	0.17949799	15.681817	14.583313	8.342278	2.6183708	17.14023	-2.5865364	-15.15124	0.11482679	4183.173587799072
60	19.0	4.189935	28.0	13.0	16.0	0.0	16.0	16.0	80.0	80.0	48000	15.338223	0.18653685	16.095606	14.888784	15.338267	0.18497895	16.029648	14.897364	8.222766	2.586306	16.994835	-4.224414	-15.462571	0.11780878	4254.188541650772
61	19.88889	4.0399246	25.0	14.0	21.0	0.0	21.0	21.0	80.0	80.0	48800	15.618319	0.1794037	16.312305	15.128217	15.618411	0.17698868	16.264057	15.144054	8.163014	2.5862284	16.895664	-4.0158596	-15.736697	0.11681373	4324.259527921677
62	18.444445	4.32335	24.0	10.0	23.0	0.0	23.0	23.0	80.0	80.0	49600	15.882603	0.18103726	16.622196	15.4088335	15.8827095	0.17826492	16.560438	15.457167	8.166376	2.590566	16.992294	-2.5367076	-15.998196	0.12085251	4395.654676437378
63	16.88889	6.0634503	24.0	5.0	24.0	0.0	24.0	24.0	80.0	80.0	50400	16.1279	0.17650075	16.794476	15.687363	16.128012	0.17236893	16.74009	15.717628	8.214161	2.6137338	17.088856	-1.2658807	-16.234724	0.12240342	4465.73494553566
64	17.333334	4.618802	23.0	8.0	12.0	0.0	12.0	12.0	80.0	80.0	51200	16.387203	0.19010854	17.15321	15.889001	16.387215	0.18608724	17.074644	15.951853	8.158304	2.5707731	17.016033	-2.5175514	-16.512272	0.1226449	4535.725539684296
65	21.444445	3.5935469	28.0	16.0	20.0	0.0	20.0	20.0	80.0	80.0	52000	16.69027	0.19595917	17.476833	16.220764	16.690338	0.19086657	17.415287	16.215532	8.145273	2.5775898	17.055265	-1.8476202	-16.823786	0.12416151	4606.300712823868
66	19.666666	6.7494855	27.0	2.0	13.0	0.0	13.0	13.0	80.0	80.0	52800	17.024496	0.19472235	17.870266	16.5135	17.024643	0.1887161	17.780073	16.54582	8.224756	2.596571	17.277813	-1.2641994	-17.157812	0.12663512	4676.773195743561
67	9.888889	11.308251	26.0	0.0	13.0	0.0	13.0	13.0	80.0	80.0	53600	17.23413	0.18138038	17.966757	16.772635	17.234291	0.17679416	17.869184	16.828268	8.251828	2.5851378	17.404217	-4.5021048	-17.275763	0.12616014	4747.314000606537
68	0.0	0.0	0.0	0.0	0.0	0.0	0.0	0.0	80.0	80.0	54400	17.009712	0.19637275	17.657047	16.498713	17.00986	0.19471674	17.633677	16.540888	8.000877	2.4830687	17.14661	-3.4288216	-16.983788	0.11899727	4817.15297293663
69	27.777779	10.517475	39.0	10.0	5.0	0.0	5.0	5.0	80.0	80.0	55200	16.868414	0.1801098	17.535757	16.457123	16.868359	0.17731765	17.454365	16.500114	7.7034345	2.38943	16.328054	-2.5899649	-16.924383	0.12108823	4887.114446401596
70	32.0	8.259674	41.0	18.0	38.0	0.0	38.0	38.0	80.0	80.0	56000	16.959347	0.18460698	17.661755	16.483374	16.959406	0.18035856	17.564096	16.540802	7.5635595	2.3295836	15.991106	-3.2342126	-17.042822	0.123116896	4957.746005058289
71	29.666666	10.832051	40.0	10.0	38.0	0.0	38.0	38.0	80.0	80.0	56800	17.177502	0.20257644	17.968708	16.671976	17.177692	0.197953	17.923315	16.686491	7.599779	2.3181195	16.103497	-2.0664568	-17.296997	0.123306215	5028.270812988281
72	22.88889	14.394787	37.0	2.0	19.0	0.0	19.0	19.0	80.0	80.0	57600	17.51524	0.21568047	18.36322	16.946846	17.515322	0.21157216	18.298954	16.98896	7.608428	2.3305752	16.016575	-3.33113	-17.654297	0.123725325	5098.658960819244
73	28.555555	12.508762	40.0	5.0	14.0	0.0	14.0	14.0	80.0	80.0	58400	17.910093	0.22646154	18.834963	17.35892	17.9103	0.22242646	18.758333	17.40094	7.6613846	2.3109796	16.186703	-3.3671317	-18.064686	0.1245977	5169.134749889374
74	27.444445	12.446428	41.0	8.0	24.0	0.0	24.0	24.0	80.0	80.0	59200	18.355043	0.2318175	19.27815	17.774487	18.355186	0.22739583	19.222885	17.775091	7.7828827	2.3633206	16.445745	-2.737132	-18.521492	0.12313321	5240.555198669434
75	23.777779	9.052658	38.0	4.0	40.0	0.0	40.0	40.0	80.0	80.0	60000	18.797121	0.23084004	19.679932	18.239826	18.797304	0.22575966	19.641827	18.205526	7.766275	2.3554556	16.461082	-1.9085636	-18.959759	0.124273434	5311.164930343628
76	22.11111	13.469674	39.0	4.0	9.0	0.0	9.0	9.0	80.0	80.0	60800	19.221611	0.22971636	20.131033	18.644224	19.22175	0.22404091	20.083956	18.703428	7.8163586	2.3537745	16.60361	-1.8913136	-19.38409	0.124901116	5381.773499250412
77	25.666666	8.856887	37.0	11.0	8.0	0.0	8.0	8.0	80.0	80.0	61600	19.663393	0.23669206	20.628435	19.050652	19.663536	0.23109166	20.579145	19.102364	7.9644256	2.3945975	16.861748	-2.5002937	-19.834904	0.12699483	5452.328041791916
78	19.222221	9.306841	34.0	6.0	25.0	0.0	25.0	25.0	80.0	80.0	62400	20.106167	0.23149675	21.06673	19.510311	20.106308	0.22592361	20.994804	19.539736	8.071449	2.4127119	16.943491	-2.1128838	-20.275776	0.12610197	5522.830466747284
79	17.666666	6.879923	28.0	6.0	12.0	0.0	12.0	12.0	80.0	80.0	63200	20.52318	0.23215607	21.450706	19.898182	20.523209	0.22601095	21.46086	19.942465	8.135254	2.4219415	17.237911	-2.822882	-20.690397	0.12845272	5593.1667304039
80	16.666666	6.073622	29.0	8.0	28.0	0.0	28.0	28.0	80.0	80.0	64000	20.92983	0.2353216	21.954065	20.322159	20.930042	0.22909084	21.884224	20.37663	8.224525	2.4520006	17.54192	-4.2407417	-21.098854	0.12980258	5663.157831430435
81	26.88889	3.7548323	33.0	21.0	24.0	0.0	24.0	24.0	80.0	80.0	64800	21.315495	0.23019004	22.266483	20.676144	21.31563	0.22406785	22.20884	20.753828	8.349606	2.4794962	17.84361	-3.426495	-21.480965	0.13243298	5733.812076091766
82	23.88889	3.1426969	29.0	19.0	13.0	0.0	13.0	13.0	80.0	80.0	65600	21.670557	0.23687983	22.68206	21.061735	21.670744	0.2299871	22.594448	21.115246	8.407826	2.4953942	17.84321	-6.2810545	-21.830826	0.13462739	5804.227916002274
83	24.88889	3.4462361	33.0	19.0	23.0	0.0	23.0	23.0	80.0	80.0	66400	22.036615	0.2523839	23.089235	21.397448	22.036741	0.24667092	22.990772	21.397198	8.309281	2.4154532	17.620033	-2.904414	-22.204659	0.1366648	5874.743531703949
84	25.0	2.9059327	31.0	21.0	24.0	0.0	24.0	24.0	80.0	80.0	67200	22.414177	0.26152444	23.563036	21.730003	22.414352	0.2553614	23.465206	21.741116	8.283908	2.3909307	17.548637	-2.745049	-22.582647	0.13802433	5944.241882562637
85	24.555555	2.6293688	29.0	20.0	23.0	0.0	23.0	23.0	80.0	80.0	68000	22.750608	0.277845	23.927568	22.073555	22.750765	0.2707156	23.8661	22.058567	8.307451	2.3555074	17.644743	-2.8375993	-22.916998	0.14071108	6010.553216934204
86	24.333334	7.133645	31.0	7.0	27.0	0.0	27.0	27.0	80.0	80.0	68800	23.121761	0.31904012	24.421036	22.339611	23.121943	0.31168178	24.373098	22.322367	8.862034	2.760103	21.91734	-5.367997	-23.302544	0.1451409	6077.020662069321
87	11.888889	11.11	32.0	3.0	6.0	0.0	6.0	6.0	80.0	80.0	69600	23.760138	0.28512415	24.798807	22.885103	23.760096	0.27676222	24.818432	22.89295	10.592753	3.7523055	24.69553	-2.5427349	-23.97936	0.14704153	6145.976021766663
88	24.88889	6.573422	34.0	13.0	27.0	0.0	27.0	27.0	80.0	80.0	70400	24.129374	0.24334256	24.901464	23.572557	24.129519	0.22516046	24.95893	23.60803	10.297041	3.3673751	23.946024	-0.82130814	-24.274742	0.14467666	6213.917986154556
89	24.222221	6.032832	34.0	14.0	20.0	0.0	20.0	20.0	80.0	80.0	71200	24.306114	0.24200098	25.187954	23.78019	24.306393	0.23233053	25.224277	23.759102	10.305164	3.4368365	22.918106	-2.9973235	-24.44207	0.14050847	6280.953449010849
90	28.444445	3.9752321	36.0	24.0	22.0	0.0	22.0	22.0	80.0	80.0	72000	24.479212	0.2436996	25.393715	23.958147	24.479332	0.23695026	25.394287	23.86063	10.422318	3.5586743	22.95278	-0.7122202	-24.616333	0.13903911	6347.629217147827
91	33.333332	6.6332498	42.0	18.0	38.0	0.0	38.0	38.0	80.0	80.0	72800	24.682089	0.25194344	25.853771	24.101797	24.682213	0.24665835	25.77687	24.014715	10.391121	3.574486	23.864267	-6.545825	-24.842457	0.13851258	6414.0272789001465
92	32.444443	6.3440456	46.0	22.0	30.0	0.0	30.0	30.0	80.0	80.0	73600	25.111904	0.31120872	26.547794	24.388664	25.112076	0.307841	26.567917	24.329098	10.336853	3.4829867	25.17505	-1.9101248	-25.360386	0.13930859	6481.4948835372925
93	32.555557	5.5198855	42.0	21.0	28.0	0.0	28.0	28.0	80.0	80.0	74400	25.785557	0.32044014	27.239286	25.025766	25.785723	0.316991	27.253777	24.957262	10.767817	3.7899847	32.02259	-4.215349	-26.062231	0.13927335	6552.342369556427
94	31.88889	4.433319	41.0	24.0	39.0	0.0	39.0	39.0	80.0	80.0	75200	26.479055	0.3208034	27.957043	25.610584	26.479284	0.317385	27.962252	25.559393	11.457604	4.2785664	40.10073	-5.4797497	-26.76104	0.14150546	6622.66846370697
95	36.333332	3.91578	43.0	30.0	38.0	0.0	38.0	38.0	80.0	80.0	76000	27.154512	0.3138902	28.718435	26.234896	27.154709	0.3108244	28.645292	26.280272	12.1386595	4.6560683	43.10392	-5.7243814	-27.429775	0.14327988	6693.29593372345
96	37.11111	3.2470307	43.0	33.0	45.0	0.0	45.0	45.0	80.0	80.0	76800	27.782475	0.31344873	29.353552	26.851728	27.782675	0.31070092	29.310776	26.836773	12.972537	5.179311	46.79106	-1.1672454	-28.05392	0.14519852	6763.687844991684
97	40.11111	3.2126293	44.0	35.0	39.0	0.0	39.0	39.0	80.0	80.0	77600	28.404448	0.3215761	30.045044	27.560455	28.404663	0.31859335	29.955772	27.426233	13.429878	5.6435785	53.066406	-4.29519	-28.680307	0.14709789	6834.28996181488
98	42.22222	4.1573973	51.0	38.0	33.0	0.0	33.0	33.0	80.0	80.0	78400	29.058218	0.3282631	30.684723	28.146078	29.058378	0.32536772	30.619026	28.052452	13.906817	6.0052276	54.50347	-2.5274858	-29.343456	0.14865807	6904.725203514099
99	39.22222	2.09644	43.0	36.0	42.0	0.0	42.0	42.0	80.0	80.0	79200	29.723715	0.33650157	31.54999	28.626978	29.723925	0.33231902	31.388538	28.700716	13.905958	6.1205454	61.13816	-1.9744835	-30.017845	0.14966704	6975.707127571106
100	39.0	4.21637	46.0	31.0	40.0	0.0	40.0	40.0	80.0	80.0	80000	30.38903	0.33314344	32.10695	29.255346	30.389265	0.32815665	32.011093	29.31197	13.824297	6.436274	73.30773	-8.477355	-30.684837	0.14999871	7046.1638832092285
101	41.77778	2.5724082	47.0	39.0	44.0	0.0	44.0	44.0	80.0	80.0	80800	31.0481	0.33199614	32.74494	30.069649	31.048203	0.3270562	32.662212	30.016401	14.6708	7.028003	74.04578	-6.9032025	-31.343847	0.15160674	7117.210165262222
102	40.88889	4.148479	48.0	34.0	37.0	0.0	37.0	37.0	80.0	80.0	81600	31.685616	0.33417973	33.466557	30.589432	31.685698	0.32852474	33.34995	30.601713	14.982736	7.050523	64.365845	-2.2775395	-31.981417	0.15297325	7187.7893233299255
103	42.22222	4.7088046	50.0	33.0	38.0	0.0	38.0	38.0	80.0	80.0	82400	32.32963	0.34302476	34.20007	31.292496	32.32975	0.33819446	34.047756	31.304586	15.353967	7.4714203	74.414116	-5.7310944	-32.63702	0.15145597	7258.764607906342
104	46.22222	3.4246747	51.0	41.0	44.0	0.0	44.0	44.0	80.0	80.0	83200	32.99251	0.33878627	34.798717	31.884119	32.992607	0.33298612	34.707306	31.985788	15.906833	7.715074	65.1377	-0.6202282	-33.290115	0.15598272	7329.184063196182
105	45.88889	4.6294813	53.0	37.0	41.0	0.0	41.0	41.0	80.0	80.0	84000	33.631954	0.3466014	35.4519	32.54408	33.632126	0.3402962	35.341385	32.559517	16.4565	8.524436	84.292305	-7.74228	-33.936844	0.15611716	7399.802336215973
106	43.22222	3.9377878	52.0	38.0	49.0	0.0	49.0	49.0	80.0	80.0	84800	34.27102	0.34954178	36.049202	33.199062	34.27112	0.34306678	35.953312	33.19395	17.439846	9.827131	86.920975	-8.256724	-34.582832	0.15781932	7470.312801837921
107	48.333332	4.9441323	56.0	42.0	49.0	0.0	49.0	49.0	80.0	80.0	85600	34.908165	0.3486172	36.68233	33.770466	34.908115	0.34105322	36.555676	33.784233	18.931438	10.750907	89.32323	-9.029247	-35.21205	0.16270697	7541.133193254471
